# 3ds Max Wavefront OBJ Exporter v0.97b - (c)2007 guruware
# File Created: 04.09.2017 17:30:11

mtllib Window.mtl

#
# object Box20179
#

v  -4876.7173 0.0000 -1503.7419
v  -4995.3560 0.0000 -1524.6610
v  -4974.4370 0.0000 -1643.2996
v  -4855.7983 0.0000 -1622.3805
v  -4876.7173 2546.5693 -1503.7419
v  -4855.7983 2546.5693 -1622.3805
v  -4974.4370 2546.5693 -1643.2996
v  -4995.3560 2546.5693 -1524.6610
# 8 vertices

vn 0.0000 -1.0000 -0.0000
vn 0.0000 1.0000 -0.0000
vn 0.9848 0.0000 0.1736
vn 0.1736 0.0000 -0.9848
vn -0.9848 0.0000 -0.1736
vn -0.1736 0.0000 0.9848
# 6 vertex normals

vt 1.0000 0.0000 0.0000
vt 1.0000 1.0000 0.0000
vt 0.0000 1.0000 0.0000
vt 0.0000 0.0000 0.0000
# 4 texture coords

g Box20179
usemtl 02___Default
s 2
f -8/-4/-6 -7/-3/-6 -6/-2/-6 -5/-1/-6 
s 4
f -4/-1/-5 -3/-4/-5 -2/-3/-5 -1/-2/-5 
s 8
f -8/-1/-4 -5/-4/-4 -3/-3/-4 -4/-2/-4 
s 16
f -5/-1/-3 -6/-4/-3 -2/-3/-3 -3/-2/-3 
s 32
f -6/-1/-2 -7/-4/-2 -1/-3/-2 -2/-2/-2 
s 64
f -7/-1/-1 -8/-4/-1 -4/-3/-1 -1/-2/-1 
# 6 polygons

#
# object Box20180
#

v  -5121.3301 0.0000 -116.4729
v  -5239.9688 0.0000 -137.3921
v  -5219.0498 0.0000 -256.0307
v  -5100.4111 0.0000 -235.1115
v  -5121.3301 2546.5693 -116.4729
v  -5100.4111 2546.5693 -235.1115
v  -5219.0498 2546.5693 -256.0307
v  -5239.9688 2546.5693 -137.3921
# 8 vertices

vn 0.0000 -1.0000 -0.0000
vn 0.0000 1.0000 -0.0000
vn 0.9848 0.0000 0.1736
vn 0.1736 0.0000 -0.9848
vn -0.9848 0.0000 -0.1736
vn -0.1736 0.0000 0.9848
# 6 vertex normals

vt 1.0000 0.0000 0.0000
vt 1.0000 1.0000 0.0000
vt 0.0000 1.0000 0.0000
vt 0.0000 0.0000 0.0000
# 4 texture coords

g Box20180
usemtl 02___Default
s 2
f -8/-4/-6 -7/-3/-6 -6/-2/-6 -5/-1/-6 
s 4
f -4/-1/-5 -3/-4/-5 -2/-3/-5 -1/-2/-5 
s 8
f -8/-1/-4 -5/-4/-4 -3/-3/-4 -4/-2/-4 
s 16
f -5/-1/-3 -6/-4/-3 -2/-3/-3 -3/-2/-3 
s 32
f -6/-1/-2 -7/-4/-2 -1/-3/-2 -2/-2/-2 
s 64
f -7/-1/-1 -8/-4/-1 -4/-3/-1 -1/-2/-1 
# 6 polygons

#
# object Box20181
#

v  -5385.2749 0.0000 1380.4309
v  -5503.9136 0.0000 1359.5118
v  -5482.9946 0.0000 1240.8733
v  -5364.3560 0.0000 1261.7924
v  -5385.2749 2546.5693 1380.4309
v  -5364.3560 2546.5693 1261.7924
v  -5482.9946 2546.5693 1240.8733
v  -5503.9136 2546.5693 1359.5118
# 8 vertices

vn 0.0000 -1.0000 -0.0000
vn 0.0000 1.0000 -0.0000
vn 0.9848 0.0000 0.1736
vn 0.1736 0.0000 -0.9848
vn -0.9848 0.0000 -0.1736
vn -0.1736 0.0000 0.9848
# 6 vertex normals

vt 1.0000 0.0000 0.0000
vt 1.0000 1.0000 0.0000
vt 0.0000 1.0000 0.0000
vt 0.0000 0.0000 0.0000
# 4 texture coords

g Box20181
usemtl 02___Default
s 2
f -8/-4/-6 -7/-3/-6 -6/-2/-6 -5/-1/-6 
s 4
f -4/-1/-5 -3/-4/-5 -2/-3/-5 -1/-2/-5 
s 8
f -8/-1/-4 -5/-4/-4 -3/-3/-4 -4/-2/-4 
s 16
f -5/-1/-3 -6/-4/-3 -2/-3/-3 -3/-2/-3 
s 32
f -6/-1/-2 -7/-4/-2 -1/-3/-2 -2/-2/-2 
s 64
f -7/-1/-1 -8/-4/-1 -4/-3/-1 -1/-2/-1 
# 6 polygons

#
# object Box20182
#

v  -5140.6616 0.0000 -6.8381
v  -5259.3003 0.0000 -27.7572
v  -5238.3813 0.0000 -146.3958
v  -5119.7427 0.0000 -125.4766
v  -5140.6616 2546.5693 -6.8381
v  -5119.7427 2546.5693 -125.4766
v  -5238.3813 2546.5693 -146.3958
v  -5259.3003 2546.5693 -27.7572
# 8 vertices

vn 0.0000 -1.0000 -0.0000
vn 0.0000 1.0000 -0.0000
vn 0.9848 0.0000 0.1736
vn 0.1736 0.0000 -0.9848
vn -0.9848 0.0000 -0.1736
vn -0.1736 0.0000 0.9848
# 6 vertex normals

vt 1.0000 0.0000 0.0000
vt 1.0000 1.0000 0.0000
vt 0.0000 1.0000 0.0000
vt 0.0000 0.0000 0.0000
# 4 texture coords

g Box20182
usemtl 02___Default
s 2
f -8/-4/-6 -7/-3/-6 -6/-2/-6 -5/-1/-6 
s 4
f -4/-1/-5 -3/-4/-5 -2/-3/-5 -1/-2/-5 
s 8
f -8/-1/-4 -5/-4/-4 -3/-3/-4 -4/-2/-4 
s 16
f -5/-1/-3 -6/-4/-3 -2/-3/-3 -3/-2/-3 
s 32
f -6/-1/-2 -7/-4/-2 -1/-3/-2 -2/-2/-2 
s 64
f -7/-1/-1 -8/-4/-1 -4/-3/-1 -1/-2/-1 
# 6 polygons

#
# object Box20183
#

v  -5108.8945 0.0000 -105.5186
v  -5255.3813 0.0000 -131.3482
v  -5249.9082 0.0000 -162.3890
v  -5103.4214 0.0000 -136.5595
v  -5108.8945 2546.5693 -105.5186
v  -5103.4214 2546.5693 -136.5595
v  -5249.9082 2546.5693 -162.3890
v  -5255.3813 2546.5693 -131.3482
# 8 vertices

vn 0.0000 -1.0000 -0.0000
vn 0.0000 1.0000 -0.0000
vn 0.9848 0.0000 0.1736
vn 0.1736 0.0000 -0.9848
vn -0.9848 0.0000 -0.1736
vn -0.1736 0.0000 0.9848
# 6 vertex normals

vt 1.0000 0.0000 0.0000
vt 1.0000 1.0000 0.0000
vt 0.0000 1.0000 0.0000
vt 0.0000 0.0000 0.0000
# 4 texture coords

g Box20183
usemtl 02___Default
s 2
f -8/-4/-6 -7/-3/-6 -6/-2/-6 -5/-1/-6 
s 4
f -4/-1/-5 -3/-4/-5 -2/-3/-5 -1/-2/-5 
s 8
f -8/-1/-4 -5/-4/-4 -3/-3/-4 -4/-2/-4 
s 16
f -5/-1/-3 -6/-4/-3 -2/-3/-3 -3/-2/-3 
s 32
f -6/-1/-2 -7/-4/-2 -1/-3/-2 -2/-2/-2 
s 64
f -7/-1/-1 -8/-4/-1 -4/-3/-1 -1/-2/-1 
# 6 polygons

#
# object Box20184
#

v  -4859.1831 2425.8906 -1603.1844
v  -4977.8218 2425.8906 -1624.1036
v  -4977.8218 2546.3594 -1624.1036
v  -4859.1831 2546.3594 -1603.1844
v  -5373.1353 2425.8906 1311.5845
v  -5373.1353 2546.3594 1311.5845
v  -5491.7739 2546.3594 1290.6655
v  -5491.7739 2425.8906 1290.6655
# 8 vertices

vn 0.1736 0.0000 -0.9848
vn -0.1736 -0.0000 0.9848
vn 0.9848 0.0000 0.1736
vn -0.0000 1.0000 -0.0000
vn -0.9848 -0.0000 -0.1736
vn 0.0000 -1.0000 -0.0000
# 6 vertex normals

vt 1.0000 0.0000 0.0000
vt 1.0000 1.0000 0.0000
vt 0.0000 1.0000 0.0000
vt 0.0000 0.0000 0.0000
# 4 texture coords

g Box20184
usemtl 02___Default
s 2
f -8/-4/-6 -7/-3/-6 -6/-2/-6 -5/-1/-6 
s 4
f -4/-1/-5 -3/-4/-5 -2/-3/-5 -1/-2/-5 
s 8
f -8/-1/-4 -5/-4/-4 -3/-3/-4 -4/-2/-4 
s 16
f -5/-1/-3 -6/-4/-3 -2/-3/-3 -3/-2/-3 
s 32
f -6/-1/-2 -7/-4/-2 -1/-3/-2 -2/-2/-2 
s 64
f -7/-1/-1 -8/-4/-1 -4/-3/-1 -1/-2/-1 
# 6 polygons

#
# object Box20185
#

v  -4859.1831 0.0022 -1603.1844
v  -4977.8218 0.0022 -1624.1036
v  -4977.8218 120.4710 -1624.1036
v  -4859.1831 120.4710 -1603.1844
v  -5373.1353 0.0022 1311.5845
v  -5373.1353 120.4710 1311.5845
v  -5491.7739 120.4709 1290.6655
v  -5491.7739 0.0022 1290.6655
# 8 vertices

vn 0.1736 0.0000 -0.9848
vn -0.1736 -0.0000 0.9848
vn 0.9848 0.0000 0.1736
vn -0.0000 1.0000 -0.0000
vn -0.9848 -0.0000 -0.1736
vn 0.0000 -1.0000 -0.0000
# 6 vertex normals

vt 1.0000 0.0000 0.0000
vt 1.0000 1.0000 0.0000
vt 0.0000 1.0000 0.0000
vt 0.0000 0.0000 0.0000
# 4 texture coords

g Box20185
usemtl 02___Default
s 2
f -8/-4/-6 -7/-3/-6 -6/-2/-6 -5/-1/-6 
s 4
f -4/-1/-5 -3/-4/-5 -2/-3/-5 -1/-2/-5 
s 8
f -8/-1/-4 -5/-4/-4 -3/-3/-4 -4/-2/-4 
s 16
f -5/-1/-3 -6/-4/-3 -2/-3/-3 -3/-2/-3 
s 32
f -6/-1/-2 -7/-4/-2 -1/-3/-2 -2/-2/-2 
s 64
f -7/-1/-1 -8/-4/-1 -4/-3/-1 -1/-2/-1 
# 6 polygons

#
# object Box20186
#

v  -4898.8364 2351.5583 -1610.1764
v  -4938.1685 2351.5583 -1617.1117
v  -4938.1685 2428.6614 -1617.1117
v  -4898.8364 2428.6614 -1610.1764
v  -5412.7886 2351.5583 1304.5925
v  -5412.7886 2428.6611 1304.5925
v  -5452.1206 2428.6611 1297.6575
v  -5452.1206 2351.5583 1297.6575
# 8 vertices

vn 0.1736 0.0000 -0.9848
vn -0.1736 -0.0000 0.9848
vn 0.9848 0.0000 0.1736
vn -0.0000 1.0000 -0.0000
vn -0.9848 -0.0000 -0.1736
vn 0.0000 -1.0000 -0.0000
# 6 vertex normals

vt 1.0000 0.0000 0.0000
vt 1.0000 1.0000 0.0000
vt 0.0000 1.0000 0.0000
vt 0.0000 0.0000 0.0000
# 4 texture coords

g Box20186
usemtl 02___Default
s 2
f -8/-4/-6 -7/-3/-6 -6/-2/-6 -5/-1/-6 
s 4
f -4/-1/-5 -3/-4/-5 -2/-3/-5 -1/-2/-5 
s 8
f -8/-1/-4 -5/-4/-4 -3/-3/-4 -4/-2/-4 
s 16
f -5/-1/-3 -6/-4/-3 -2/-3/-3 -3/-2/-3 
s 32
f -6/-1/-2 -7/-4/-2 -1/-3/-2 -2/-2/-2 
s 64
f -7/-1/-1 -8/-4/-1 -4/-3/-1 -1/-2/-1 
# 6 polygons

#
# object Box20187
#

v  -4898.8364 82.0603 -1610.1764
v  -4938.1685 82.0603 -1617.1117
v  -4938.1685 256.1350 -1617.1117
v  -4898.8364 256.1350 -1610.1764
v  -5412.7886 82.0602 1304.5925
v  -5412.7886 256.1350 1304.5925
v  -5452.1206 256.1350 1297.6575
v  -5452.1206 82.0602 1297.6575
# 8 vertices

vn 0.1736 0.0000 -0.9848
vn -0.1736 -0.0000 0.9848
vn 0.9848 0.0000 0.1736
vn -0.0000 1.0000 -0.0000
vn -0.9848 -0.0000 -0.1736
vn 0.0000 -1.0000 -0.0000
# 6 vertex normals

vt 1.0000 0.0000 0.0000
vt 1.0000 1.0000 0.0000
vt 0.0000 1.0000 0.0000
vt 0.0000 0.0000 0.0000
# 4 texture coords

g Box20187
usemtl 02___Default
s 2
f -8/-4/-6 -7/-3/-6 -6/-2/-6 -5/-1/-6 
s 4
f -4/-1/-5 -3/-4/-5 -2/-3/-5 -1/-2/-5 
s 8
f -8/-1/-4 -5/-4/-4 -3/-3/-4 -4/-2/-4 
s 16
f -5/-1/-3 -6/-4/-3 -2/-3/-3 -3/-2/-3 
s 32
f -6/-1/-2 -7/-4/-2 -1/-3/-2 -2/-2/-2 
s 64
f -7/-1/-1 -8/-4/-1 -4/-3/-1 -1/-2/-1 
# 6 polygons

#
# object Box20188
#

v  -4929.1255 43.6865 -1438.3979
v  -4968.4575 43.6865 -1445.3333
v  -4955.0688 43.6865 -1521.2646
v  -4915.7368 43.6865 -1514.3293
v  -4929.1255 2426.4216 -1438.3979
v  -4915.7368 2426.4216 -1514.3293
v  -4955.0688 2426.4216 -1521.2646
v  -4968.4575 2426.4216 -1445.3333
# 8 vertices

vn 0.0000 -1.0000 -0.0000
vn 0.0000 1.0000 -0.0000
vn 0.9848 0.0000 0.1736
vn 0.1736 0.0000 -0.9848
vn -0.9848 0.0000 -0.1736
vn -0.1736 0.0000 0.9848
# 6 vertex normals

vt 1.0000 0.0000 0.0000
vt 1.0000 1.0000 0.0000
vt 0.0000 1.0000 0.0000
vt 0.0000 0.0000 0.0000
# 4 texture coords

g Box20188
usemtl 02___Default
s 2
f -8/-4/-6 -7/-3/-6 -6/-2/-6 -5/-1/-6 
s 4
f -4/-1/-5 -3/-4/-5 -2/-3/-5 -1/-2/-5 
s 8
f -8/-1/-4 -5/-4/-4 -3/-3/-4 -4/-2/-4 
s 16
f -5/-1/-3 -6/-4/-3 -2/-3/-3 -3/-2/-3 
s 32
f -6/-1/-2 -7/-4/-2 -1/-3/-2 -2/-2/-2 
s 64
f -7/-1/-1 -8/-4/-1 -4/-3/-1 -1/-2/-1 
# 6 polygons

#
# object Box20189
#

v  -5141.1973 43.6865 -235.6794
v  -5180.5293 43.6865 -242.6147
v  -5167.1406 43.6865 -318.5462
v  -5127.8086 43.6865 -311.6109
v  -5141.1973 2426.4216 -235.6794
v  -5127.8086 2426.4216 -311.6109
v  -5167.1406 2426.4216 -318.5462
v  -5180.5293 2426.4216 -242.6147
# 8 vertices

vn 0.0000 -1.0000 -0.0000
vn 0.0000 1.0000 -0.0000
vn 0.9848 0.0000 0.1736
vn 0.1736 0.0000 -0.9848
vn -0.9848 0.0000 -0.1736
vn -0.1736 0.0000 0.9848
# 6 vertex normals

vt 1.0000 0.0000 0.0000
vt 1.0000 1.0000 0.0000
vt 0.0000 1.0000 0.0000
vt 0.0000 0.0000 0.0000
# 4 texture coords

g Box20189
usemtl 02___Default
s 2
f -8/-4/-6 -7/-3/-6 -6/-2/-6 -5/-1/-6 
s 4
f -4/-1/-5 -3/-4/-5 -2/-3/-5 -1/-2/-5 
s 8
f -8/-1/-4 -5/-4/-4 -3/-3/-4 -4/-2/-4 
s 16
f -5/-1/-3 -6/-4/-3 -2/-3/-3 -3/-2/-3 
s 32
f -6/-1/-2 -7/-4/-2 -1/-3/-2 -2/-2/-2 
s 64
f -7/-1/-1 -8/-4/-1 -4/-3/-1 -1/-2/-1 
# 6 polygons

#
# object Box20190
#

v  -5405.3081 43.6865 1262.1698
v  -5444.6401 43.6865 1255.2345
v  -5431.2515 43.6865 1179.3031
v  -5391.9194 43.6865 1186.2384
v  -5405.3081 2426.4216 1262.1698
v  -5391.9194 2426.4216 1186.2384
v  -5431.2515 2426.4216 1179.3031
v  -5444.6401 2426.4216 1255.2345
# 8 vertices

vn 0.0000 -1.0000 -0.0000
vn 0.0000 1.0000 -0.0000
vn 0.9848 0.0000 0.1736
vn 0.1736 0.0000 -0.9848
vn -0.9848 0.0000 -0.1736
vn -0.1736 0.0000 0.9848
# 6 vertex normals

vt 1.0000 0.0000 0.0000
vt 1.0000 1.0000 0.0000
vt 0.0000 1.0000 0.0000
vt 0.0000 0.0000 0.0000
# 4 texture coords

g Box20190
usemtl 02___Default
s 2
f -8/-4/-6 -7/-3/-6 -6/-2/-6 -5/-1/-6 
s 4
f -4/-1/-5 -3/-4/-5 -2/-3/-5 -1/-2/-5 
s 8
f -8/-1/-4 -5/-4/-4 -3/-3/-4 -4/-2/-4 
s 16
f -5/-1/-3 -6/-4/-3 -2/-3/-3 -3/-2/-3 
s 32
f -6/-1/-2 -7/-4/-2 -1/-3/-2 -2/-2/-2 
s 64
f -7/-1/-1 -8/-4/-1 -4/-3/-1 -1/-2/-1 
# 6 polygons

#
# object Box20191
#

v  -5193.2363 43.6865 59.4513
v  -5232.5684 43.6865 52.5160
v  -5219.1797 43.6865 -23.4155
v  -5179.8477 43.6865 -16.4802
v  -5193.2363 2426.4216 59.4513
v  -5179.8477 2426.4216 -16.4802
v  -5219.1797 2426.4216 -23.4155
v  -5232.5684 2426.4216 52.5160
# 8 vertices

vn 0.0000 -1.0000 -0.0000
vn 0.0000 1.0000 -0.0000
vn 0.9848 0.0000 0.1736
vn 0.1736 0.0000 -0.9848
vn -0.9848 0.0000 -0.1736
vn -0.1736 0.0000 0.9848
# 6 vertex normals

vt 1.0000 0.0000 0.0000
vt 1.0000 1.0000 0.0000
vt 0.0000 1.0000 0.0000
vt 0.0000 0.0000 0.0000
# 4 texture coords

g Box20191
usemtl 02___Default
s 2
f -8/-4/-6 -7/-3/-6 -6/-2/-6 -5/-1/-6 
s 4
f -4/-1/-5 -3/-4/-5 -2/-3/-5 -1/-2/-5 
s 8
f -8/-1/-4 -5/-4/-4 -3/-3/-4 -4/-2/-4 
s 16
f -5/-1/-3 -6/-4/-3 -2/-3/-3 -3/-2/-3 
s 32
f -6/-1/-2 -7/-4/-2 -1/-3/-2 -2/-2/-2 
s 64
f -7/-1/-1 -8/-4/-1 -4/-3/-1 -1/-2/-1 
# 6 polygons

#
# object Box20192
#

v  -5035.2930 43.6865 -836.2905
v  -5074.6250 43.6865 -843.2258
v  -5061.2363 43.6865 -919.1572
v  -5021.9043 43.6865 -912.2220
v  -5035.2930 2426.4216 -836.2905
v  -5021.9043 2426.4216 -912.2220
v  -5061.2363 2426.4216 -919.1572
v  -5074.6250 2426.4216 -843.2258
# 8 vertices

vn 0.0000 -1.0000 -0.0000
vn 0.0000 1.0000 -0.0000
vn 0.9848 0.0000 0.1736
vn 0.1736 0.0000 -0.9848
vn -0.9848 0.0000 -0.1736
vn -0.1736 0.0000 0.9848
# 6 vertex normals

vt 1.0000 0.0000 0.0000
vt 1.0000 1.0000 0.0000
vt 0.0000 1.0000 0.0000
vt 0.0000 0.0000 0.0000
# 4 texture coords

g Box20192
usemtl 02___Default
s 2
f -8/-4/-6 -7/-3/-6 -6/-2/-6 -5/-1/-6 
s 4
f -4/-1/-5 -3/-4/-5 -2/-3/-5 -1/-2/-5 
s 8
f -8/-1/-4 -5/-4/-4 -3/-3/-4 -4/-2/-4 
s 16
f -5/-1/-3 -6/-4/-3 -2/-3/-3 -3/-2/-3 
s 32
f -6/-1/-2 -7/-4/-2 -1/-3/-2 -2/-2/-2 
s 64
f -7/-1/-1 -8/-4/-1 -4/-3/-1 -1/-2/-1 
# 6 polygons

#
# object Box20193
#

v  -5299.2559 43.6865 660.7158
v  -5338.5879 43.6865 653.7806
v  -5325.1992 43.6865 577.8491
v  -5285.8672 43.6865 584.7844
v  -5299.2559 2426.4216 660.7158
v  -5285.8672 2426.4216 584.7844
v  -5325.1992 2426.4216 577.8491
v  -5338.5879 2426.4216 653.7806
# 8 vertices

vn 0.0000 -1.0000 -0.0000
vn 0.0000 1.0000 -0.0000
vn 0.9848 0.0000 0.1736
vn 0.1736 0.0000 -0.9848
vn -0.9848 0.0000 -0.1736
vn -0.1736 0.0000 0.9848
# 6 vertex normals

vt 1.0000 0.0000 0.0000
vt 1.0000 1.0000 0.0000
vt 0.0000 1.0000 0.0000
vt 0.0000 0.0000 0.0000
# 4 texture coords

g Box20193
usemtl 02___Default
s 2
f -8/-4/-6 -7/-3/-6 -6/-2/-6 -5/-1/-6 
s 4
f -4/-1/-5 -3/-4/-5 -2/-3/-5 -1/-2/-5 
s 8
f -8/-1/-4 -5/-4/-4 -3/-3/-4 -4/-2/-4 
s 16
f -5/-1/-3 -6/-4/-3 -2/-3/-3 -3/-2/-3 
s 32
f -6/-1/-2 -7/-4/-2 -1/-3/-2 -2/-2/-2 
s 64
f -7/-1/-1 -8/-4/-1 -4/-3/-1 -1/-2/-1 
# 6 polygons

#
# object Box20194
#

v  -5136.0034 1348.9158 -265.1329
v  -5175.3354 1348.9158 -272.0682
v  -5175.3354 1240.0979 -272.0682
v  -5136.0034 1240.0979 -265.1329
v  -4918.8599 1348.9158 -1496.6156
v  -4918.8599 1240.0979 -1496.6156
v  -4958.1919 1240.0979 -1503.5509
v  -4958.1919 1348.9158 -1503.5509
# 8 vertices

vn -0.1736 0.0000 0.9848
vn 0.1736 -0.0000 -0.9848
vn 0.9848 -0.0000 0.1736
vn -0.0000 -1.0000 -0.0000
vn -0.9848 0.0000 -0.1736
vn 0.0000 1.0000 -0.0000
# 6 vertex normals

vt 1.0000 0.0000 0.0000
vt 1.0000 1.0000 0.0000
vt 0.0000 1.0000 0.0000
vt 0.0000 0.0000 0.0000
# 4 texture coords

g Box20194
usemtl 02___Default
s 2
f -8/-4/-6 -7/-3/-6 -6/-2/-6 -5/-1/-6 
s 4
f -4/-1/-5 -3/-4/-5 -2/-3/-5 -1/-2/-5 
s 8
f -8/-1/-4 -5/-4/-4 -3/-3/-4 -4/-2/-4 
s 16
f -5/-1/-3 -6/-4/-3 -2/-3/-3 -3/-2/-3 
s 32
f -6/-1/-2 -7/-4/-2 -1/-3/-2 -2/-2/-2 
s 64
f -7/-1/-1 -8/-4/-1 -4/-3/-1 -1/-2/-1 
# 6 polygons

#
# object Box20195
#

v  -5399.9331 1348.9158 1231.6849
v  -5439.2651 1348.9158 1224.7496
v  -5439.2651 1240.0979 1224.7496
v  -5399.9331 1240.0979 1231.6849
v  -5182.7896 1348.9158 0.2023
v  -5182.7896 1240.0979 0.2023
v  -5222.1216 1240.0979 -6.7330
v  -5222.1216 1348.9158 -6.7330
# 8 vertices

vn -0.1736 0.0000 0.9848
vn 0.1736 -0.0000 -0.9848
vn 0.9848 -0.0000 0.1736
vn -0.0000 -1.0000 -0.0000
vn -0.9848 0.0000 -0.1736
vn 0.0000 1.0000 -0.0000
# 6 vertex normals

vt 1.0000 0.0000 0.0000
vt 1.0000 1.0000 0.0000
vt 0.0000 1.0000 0.0000
vt 0.0000 0.0000 0.0000
# 4 texture coords

g Box20195
usemtl 02___Default
s 2
f -8/-4/-6 -7/-3/-6 -6/-2/-6 -5/-1/-6 
s 4
f -4/-1/-5 -3/-4/-5 -2/-3/-5 -1/-2/-5 
s 8
f -8/-1/-4 -5/-4/-4 -3/-3/-4 -4/-2/-4 
s 16
f -5/-1/-3 -6/-4/-3 -2/-3/-3 -3/-2/-3 
s 32
f -6/-1/-2 -7/-4/-2 -1/-3/-2 -2/-2/-2 
s 64
f -7/-1/-1 -8/-4/-1 -4/-3/-1 -1/-2/-1 
# 6 polygons

#
# object Box20196
#

v  -5362.8022 1360.8191 109.2805
v  -5321.7290 1360.8191 -123.6573
v  -5321.7290 1404.8503 -123.6573
v  -5362.8022 1404.8503 109.2805
v  -5392.5259 1360.8191 104.0394
v  -5392.5259 1404.8503 104.0394
v  -5351.4526 1404.8503 -128.8984
v  -5351.4526 1360.8191 -128.8984
# 8 vertices

vn 0.9848 -0.0000 0.1736
vn -0.9848 0.0000 -0.1736
vn -0.1736 0.0000 0.9848
vn 0.0000 1.0000 0.0000
vn 0.1736 -0.0000 -0.9848
vn -0.0000 -1.0000 -0.0000
# 6 vertex normals

vt 1.0000 0.0000 0.0000
vt 1.0000 1.0000 0.0000
vt 0.0000 1.0000 0.0000
vt 0.0000 0.0000 0.0000
# 4 texture coords

g Box20196
usemtl 02___Default
s 2
f -8/-4/-6 -7/-3/-6 -6/-2/-6 -5/-1/-6 
s 4
f -4/-1/-5 -3/-4/-5 -2/-3/-5 -1/-2/-5 
s 8
f -8/-1/-4 -5/-4/-4 -3/-3/-4 -4/-2/-4 
s 16
f -5/-1/-3 -6/-4/-3 -2/-3/-3 -3/-2/-3 
s 32
f -6/-1/-2 -7/-4/-2 -1/-3/-2 -2/-2/-2 
s 64
f -7/-1/-1 -8/-4/-1 -4/-3/-1 -1/-2/-1 
# 6 polygons

#
# object Box20197
#

v  -5354.0547 1360.8191 -98.5930
v  -5200.4590 1360.8191 -71.5099
v  -5200.4590 1404.8503 -71.5099
v  -5354.0547 1404.8503 -98.5930
v  -5348.8135 1360.8191 -128.3167
v  -5348.8135 1404.8503 -128.3167
v  -5195.2183 1404.8503 -101.2337
v  -5195.2183 1360.8191 -101.2337
# 8 vertices

vn -0.1736 0.0000 0.9848
vn 0.1736 -0.0000 -0.9848
vn -0.9848 0.0000 -0.1736
vn 0.0000 1.0000 0.0000
vn 0.9848 -0.0000 0.1736
vn -0.0000 -1.0000 -0.0000
# 6 vertex normals

vt 1.0000 0.0000 0.0000
vt 1.0000 1.0000 0.0000
vt 0.0000 1.0000 0.0000
vt 0.0000 0.0000 0.0000
# 4 texture coords

g Box20197
usemtl 02___Default
s 2
f -8/-4/-6 -7/-3/-6 -6/-2/-6 -5/-1/-6 
s 4
f -4/-1/-5 -3/-4/-5 -2/-3/-5 -1/-2/-5 
s 8
f -8/-1/-4 -5/-4/-4 -3/-3/-4 -4/-2/-4 
s 16
f -5/-1/-3 -6/-4/-3 -2/-3/-3 -3/-2/-3 
s 32
f -6/-1/-2 -7/-4/-2 -1/-3/-2 -2/-2/-2 
s 64
f -7/-1/-1 -8/-4/-1 -4/-3/-1 -1/-2/-1 
# 6 polygons

